2.925000000000000000e+03 2.926000000000000000e+03 2.505000000000000000e+03
5.030000000000000000e+02 5.040000000000000000e+02 8.690000000000000000e+02
5.270000000000000000e+02 5.280000000000000000e+02 8.680000000000000000e+02
7.040000000000000000e+02 7.050000000000000000e+02 6.650000000000000000e+02
1.716000000000000000e+03 1.717000000000000000e+03 3.320000000000000000e+03
4.183000000000000000e+03 4.184000000000000000e+03 3.532000000000000000e+03
4.533000000000000000e+03 4.534000000000000000e+03 4.493000000000000000e+03
4.590000000000000000e+03 4.591000000000000000e+03 4.532000000000000000e+03
4.659000000000000000e+03 4.660000000000000000e+03 4.553000000000000000e+03
1.071000000000000000e+03 1.072000000000000000e+03 1.053000000000000000e+03

